201 205 205 205 209 205 205 205 209 205 205 205 203 205 205 205 209 205 205 205 209 205 205 205 203 205 205 205 209 205 205 205 209 205 205 205 187
186 255 255 255 179 255 255 255 179 255 255 255 186 255 255 255 179 255 255 255 179 255 255 255 186 255 255 255 179 255 255 255 179 255 255 255 186
199 196 196 196 197 196 196 196 197 196 196 196 215 196 196 196 197 196 196 196 197 196 196 196 215 196 196 196 197 196 196 196 197 196 196 196 182
186 255 255 255 179 255 255 255 179 255 255 255 186 255 255 255 179 255 255 255 179 255 255 255 186 255 255 255 179 255 255 255 179 255 255 255 186
199 196 196 196 197 196 196 196 197 196 196 196 215 196 196 196 197 196 196 196 197 196 196 196 215 196 196 196 197 196 196 196 197 196 196 196 182
186 255 255 255 179 255 255 255 179 255 255 255 186 255 255 255 179 255 255 255 179 255 255 255 186 255 255 255 179 255 255 255 179 255 255 255 186
204 205 205 205 216 205 205 205 216 205 205 205 206 205 205 205 216 205 205 205 216 205 205 205 206 205 205 205 216 205 205 205 216 205 205 205 185
186 255 255 255 179 255 255 255 179 255 255 255 186 255 255 255 179 255 255 255 179 255 255 255 186 255 255 255 179 255 255 255 179 255 255 255 186
199 196 196 196 197 196 196 196 197 196 196 196 215 196 196 196 197 196 196 196 197 196 196 196 215 196 196 196 197 196 196 196 197 196 196 196 182
186 255 255 255 179 255 255 255 179 255 255 255 186 255 255 255 179 255 255 255 179 255 255 255 186 255 255 255 179 255 255 255 179 255 255 255 186
199 196 196 196 197 196 196 196 197 196 196 196 215 196 196 196 197 196 196 196 197 196 196 196 215 196 196 196 197 196 196 196 197 196 196 196 182
186 255 255 255 179 255 255 255 179 255 255 255 186 255 255 255 179 255 255 255 179 255 255 255 186 255 255 255 179 255 255 255 179 255 255 255 186
204 205 205 205 216 205 205 205 216 205 205 205 206 205 205 205 216 205 205 205 216 205 205 205 206 205 205 205 216 205 205 205 216 205 205 205 185
186 255 255 255 179 255 255 255 179 255 255 255 186 255 255 255 179 255 255 255 179 255 255 255 186 255 255 255 179 255 255 255 179 255 255 255 186
199 196 196 196 197 196 196 196 197 196 196 196 215 196 196 196 197 196 196 196 197 196 196 196 215 196 196 196 197 196 196 196 197 196 196 196 182
186 255 255 255 179 255 255 255 179 255 255 255 186 255 255 255 179 255 255 255 179 255 255 255 186 255 255 255 179 255 255 255 179 255 255 255 186
199 196 196 196 197 196 196 196 197 196 196 196 215 196 196 196 197 196 196 196 197 196 196 196 215 196 196 196 197 196 196 196 197 196 196 196 182
186 255 255 255 179 255 255 255 179 255 255 255 186 255 255 255 179 255 255 255 179 255 255 255 186 255 255 255 179 255 255 255 179 255 255 255 186
200 205 205 205 207 205 205 205 207 205 205 205 202 205 205 205 207 205 205 205 207 205 205 205 202 205 205 205 207 205 205 205 207 205 205 205 188